61,52
61,51
61,50
61,49
61,48
61,47
61,46
61,45
61,44
61,43
61,42
61,41
61,40
61,39
61,38
61,37
61,36
61,35
3,1
3,3
10,279
10,187
10,130
10,221
10,113
10,219
10,272
11,6
11,16
8,5
8,11
8,16
8,7
47,3
47,1
44,3
44,1
39,3
39,1
38,3
38,1
20,3
20,2
20,1
19,3
19,2
19,1
12,3
12,2
12,1
11,30
11,29
11,28
11,27
11,26
11,25
11,24
11,23
11,22
11,21
11,20
11,19
11,18
11,17
11,15
11,14
11,13
11,12
11,11
11,10
11,9
11,7
11,5
11,4
11,3
11,2
11,1
10,314
10,313
10,312
10,311
10,310
10,309
10,308
10,307
10,306
10,305
10,304
10,293
10,270
10,231
10,230
10,204
10,191
10,177
10,170
10,155
10,148
10,140
10,100
10,64
18,1
10,9
10,3
18,3
10,2
10,1
9,7
9,6
9,5
9,4
9,3
9,2
9,1
